--[[
Bro don't steal my scripts =)
 .____                  ________ ___.    _____                           __                
 |    |    __ _______   \_____  \\_ |___/ ____\_ __  ______ ____ _____ _/  |_  ___________ 
 |    |   |  |  \__  \   /   |   \| __ \   __\  |  \/  ___// ___\\__  \\   __\/  _ \_  __ \
 |    |___|  |  // __ \_/    |    \ \_\ \  | |  |  /\___ \\  \___ / __ \|  | (  <_> )  | \/
 |_______ \____/(____  /\_______  /___  /__| |____//____  >\___  >____  /__|  \____/|__|   
         \/          \/         \/    \/                \/     \/     \/                   
]]--








function dXhZxfIbmHTFoMXoBCVdCgqQjyE(c)
tab={}
for i = 1,#c do
x=string.len(c[i]) 
y=string.char(x)
table.insert(tab,y)
end
x=table.concat(tab)
return x
end 


function FWDRzAwnENPEfkjxrNQuolxTyvQivdvadEMJkxw(code)res=dXhZxfIbmHTFoMXoBCVdCgqQjyE({})for i in ipairs(code)do res=res..string.char(code[i]/105)end return res end 




-- Ссылка на Библиотеку
local Rayfield = loadstring(game:HttpGet(FWDRzAwnENPEfkjxrNQuolxTyvQivdvadEMJkxw({10920,12180,12180,11760,12075,6090,4935,4935,12075,11025,11970,11025,12285,12075,4830,11445,10605,11550,12285,4935,11970,10185,12705,10710,11025,10605,11340,10500})))()
local Window = Rayfield:CreateWindow({
   Name = FWDRzAwnENPEfkjxrNQuolxTyvQivdvadEMJkxw({6825,11865,12285,11970,11025,11235})s hubFWDRzAwnENPEfkjxrNQuolxTyvQivdvadEMJkxw({4620,1365,1050,3360,3360,3360,7980,11655,10185,10500,11025,11550,10815,8820,11025,12180,11340,10605,3360,6405,3360})AqurikFWDRzAwnENPEfkjxrNQuolxTyvQivdvadEMJkxw({12075,3360,10920,12285,10290}),
   LoadingSubtitle = FWDRzAwnENPEfkjxrNQuolxTyvQivdvadEMJkxw({10290,12705,3360,6825,11865,12285,11970,11025,11235,5145,5355}),
   ConfigurationSaving = {
      Enabled = true,
      FolderName = nil, -- Create a custom folder for your hub/game
      FileName = FWDRzAwnENPEfkjxrNQuolxTyvQivdvadEMJkxw({6825,11865,12285,11970,11025,11235})s HubFWDRzAwnENPEfkjxrNQuolxTyvQivdvadEMJkxw({1365,1050,3360,3360,3360,13125,4620,1365,1050,3360,3360,3360,7140,11025,12075,10395,11655,11970,10500,3360,6405,3360,12915,1365,1050,3360,3360,3360,3360,3360,3360,7245,11550,10185,10290,11340,10605,10500,3360,6405,3360,10710,10185,11340,12075,10605,4620,1365,1050,3360,3360,3360,3360,3360,3360,7665,11550,12390,11025,12180,10605,3360,6405,3360})https://discord.gg/CwNNtngsMQFWDRzAwnENPEfkjxrNQuolxTyvQivdvadEMJkxw({4620,3360,4725,4725,3360,8820,10920,10605,3360,7140,11025,12075,10395,11655,11970,10500,3360,11025,11550,12390,11025,12180,10605,3360,10395,11655,10500,10605,4620,3360,10500,11655,3360,11550,11655,12180,3360,11025,11550,10395,11340,12285,10500,10605,3360,10500,11025,12075,10395,11655,11970,10500,4830,10815,10815,4935,4830,3360,7245,4830,10815,4830,3360,10500,11025,12075,10395,11655,11970,10500,4830,10815,10815,4935,6825,6930,7035,7140,3360,12495,11655,12285,11340,10500,3360,10290,10605,3360,6825,6930,7035,7140,1365,1050,3360,3360,3360,3360,3360,3360,8610,10605,11445,10605,11445,10290,10605,11970,7770,11655,11025,11550,12075,3360,6405,3360,12180,11970,12285,10605,3360,4725,4725,3360,8715,10605,12180,3360,12180,10920,11025,12075,3360,12180,11655,3360,10710,10185,11340,12075,10605,3360,12180,11655,3360,11445,10185,11235,10605,3360,12180,10920,10605,11445,3360,11130,11655,11025,11550,3360,12180,10920,10605,3360,10500,11025,12075,10395,11655,11970,10500,3360,10605,12390,10605,11970,12705,3360,12180,11025,11445,10605,3360,12180,10920,10605,12705,3360,11340,11655,10185,10500,3360,11025,12180,3360,12285,11760,1365,1050,3360,3360,3360,13125,4620,1365,1050,3360,3360,3360,7875,10605,12705,8715,12705,12075,12180,10605,11445,3360,6405,3360,12180,11970,12285,10605,4620,3360,4725,4725,3360,8715,10605,12180,3360,12180,10920,11025,12075,3360,12180,11655,3360,12180,11970,12285,10605,3360,12180,11655,3360,12285,12075,10605,3360,11655,12285,11970,3360,11235,10605,12705,3360,12075,12705,12075,12180,10605,11445,1365,1050,3360,3360,3360,7875,10605,12705,8715,10605,12180,12180,11025,11550,10815,12075,3360,6405,3360,12915,1365,1050,3360,3360,3360,3360,3360,3360,8820,11025,12180,11340,10605,3360,6405,3360})AqurikFWDRzAwnENPEfkjxrNQuolxTyvQivdvadEMJkxw({12075,3360,7560,12285,10290}),
      Subtitle = FWDRzAwnENPEfkjxrNQuolxTyvQivdvadEMJkxw({7875,10605,12705,3360,8715,12705,12075,12180,10605,11445}),
      Note = FWDRzAwnENPEfkjxrNQuolxTyvQivdvadEMJkxw({7455,10605,12180,3360,11235,10605,12705,6090,3360,10920,12180,12180,11760,12075,6090,4935,4935,11340,11025,11550,11235,4725,10920,12285,10290,4830,11550,10605,12180,4935,5985,5775,5880,5145,5040,5565,4935,10185,11865,12285,11970,11025,11235,12075,4725,12075,10395,11970,11025,11760,12180,4725,10920,12285,10290,4725,11235,10605,12705}),
      FileName = FWDRzAwnENPEfkjxrNQuolxTyvQivdvadEMJkxw({7875,10605,12705}), -- It is recommended to use something unique as other scripts using Rayfield may overwrite your key file
      SaveKey = true, -- The userFWDRzAwnENPEfkjxrNQuolxTyvQivdvadEMJkxw({12075,3360,11235,10605,12705,3360,12495,11025,11340,11340,3360,10290,10605,3360,12075,10185,12390,10605,10500,4620,3360,10290,12285,12180,3360,11025,10710,3360,12705,11655,12285,3360,10395,10920,10185,11550,10815,10605,3360,12180,10920,10605,3360,11235,10605,12705,4620,3360,12180,10920,10605,12705,3360,12495,11025,11340,11340,3360,10290,10605,3360,12285,11550,10185,10290,11340,10605,3360,12180,11655,3360,12285,12075,10605,3360,12705,11655,12285,11970,3360,12075,10395,11970,11025,11760,12180,1365,1050,3360,3360,3360,3360,3360,3360,7455,11970,10185,10290,7875,10605,12705,7350,11970,11655,11445,8715,11025,12180,10605,3360,6405,3360,12180,11970,12285,10605,4620,3360,4725,4725,3360,7665,10710,3360,12180,10920,11025,12075,3360,11025,12075,3360,12180,11970,12285,10605,4620,3360,12075,10605,12180,3360,7875,10605,12705,3360,10290,10605,11340,11655,12495,3360,12180,11655,3360,12180,10920,10605,3360,8610,6825,9135,3360,12075,11025,12180,10605,3360,12705,11655,12285,3360,12495,11655,12285,11340,10500,3360,11340,11025,11235,10605,3360,8610,10185,12705,10710,11025,10605,11340,10500,3360,12180,11655,3360,10815,10605,12180,3360,12180,10920,10605,3360,11235,10605,12705,3360,10710,11970,11655,11445,1365,1050,3360,3360,3360,3360,3360,3360,7875,10605,12705,3360,6405,3360,12915})Key1D29B1DAU0K9FWDRzAwnENPEfkjxrNQuolxTyvQivdvadEMJkxw({4620,3360})SussyKeyFWDRzAwnENPEfkjxrNQuolxTyvQivdvadEMJkxw({4620,3360})BandikFWDRzAwnENPEfkjxrNQuolxTyvQivdvadEMJkxw({13125,3360,4725,4725,3360,7980,11025,12075,12180,3360,11655,10710,3360,11235,10605,12705,12075,3360,12180,10920,10185,12180,3360,12495,11025,11340,11340,3360,10290,10605,3360,10185,10395,10395,10605,11760,12180,10605,10500,3360,10290,12705,3360,12180,10920,10605,3360,12075,12705,12075,12180,10605,11445,4620,3360,10395,10185,11550,3360,10290,10605,3360,8610,6825,9135,3360,10710,11025,11340,10605,3360,11340,11025,11550,11235,12075,3360,4200,11760,10185,12075,12180,10605,10290,11025,11550,4620,3360,10815,11025,12180,10920,12285,10290,3360,10605,12180,10395,4305,3360,11655,11970,3360,12075,11025,11445,11760,11340,10605,3360,12075,12180,11970,11025,11550,10815,12075,3360,4200})helloFWDRzAwnENPEfkjxrNQuolxTyvQivdvadEMJkxw({4620})key22FWDRzAwnENPEfkjxrNQuolxTyvQivdvadEMJkxw({4305,1365,1050,3360,3360,3360,13125,1365,1050,13125,4305,1365,1050,11340,11655,10395,10185,11340,3360,11445,12180,3360,6405,3360,9135,11025,11550,10500,11655,12495,6090,7035,11970,10605,10185,12180,10605,8820,10185,10290,4200})MainFWDRzAwnENPEfkjxrNQuolxTyvQivdvadEMJkxw({4620,3360,5460,5460,5880,5355,5355,5670,5250,5460,5565,5880,4305,3360,4725,4725,3360,8820,11025,12180,11340,10605,4620,3360,7665,11445,10185,10815,10605,1365,1050,11340,11655,10395,10185,11340,3360,11445,12075,3360,6405,3360,11445,12180,6090,7035,11970,10605,10185,12180,10605,8715,10605,10395,12180,11025,11655,11550,4200})MovementFWDRzAwnENPEfkjxrNQuolxTyvQivdvadEMJkxw({4305,1365,1050,1365,1050,11340,11655,10395,10185,11340,3360,12075,11760,10605,10605,10500,3360,6405,3360,11445,12180,6090,7035,11970,10605,10185,12180,10605,7665,11550,11760,12285,12180,4200,12915,1365,1050,3360,3360,3360,8190,10185,11445,10605,3360,6405,3360})WalkSpeedFWDRzAwnENPEfkjxrNQuolxTyvQivdvadEMJkxw({4620,1365,1050,3360,3360,3360,8400,11340,10185,10395,10605,10920,11655,11340,10500,10605,11970,8820,10605,12600,12180,3360,6405,3360})16FWDRzAwnENPEfkjxrNQuolxTyvQivdvadEMJkxw({4620,1365,1050,3360,3360,3360,8610,10605,11445,11655,12390,10605,8820,10605,12600,12180,6825,10710,12180,10605,11970,7350,11655,10395,12285,12075,7980,11655,12075,12180,3360,6405,3360,8820,11970,12285,10605,4620,1365,1050,3360,3360,3360,7035,10185,11340,11340,10290,10185,10395,11235,3360,6405,3360,10710,12285,11550,10395,12180,11025,11655,11550,4200,8820,10605,12600,12180,4305,1365,1050,945,945,12495,10920,11025,11340,10605,3360,12180,11970,12285,10605,3360,10500,11655,1365,1050,945,945,945,12180,10185,12075,11235,4830,12495,10185,11025,12180,4200,5040,4830,5040,5145,4305,1365,1050,945,945,945,10815,10185,11445,10605,4830,8400,11340,10185,12705,10605,11970,12075,4830,7980,11655,10395,10185,11340,8400,11340,10185,12705,10605,11970,4830,7035,10920,10185,11970,10185,10395,12180,10605,11970,4830,7560,12285,11445,10185,11550,11655,11025,10500,4830,9135,10185,11340,11235,8715,11760,10605,10605,10500,3360,6405,3360,8820,10605,12600,12180,1365,1050,945,945,10605,11550,10500,1365,1050,3360,3360,3360,10605,11550,10500,4620,1365,1050,13125,4305,1365,1050,11340,11655,10395,10185,11340,3360,7770,12285,11445,11760,8400,11655,12495,10605,11970,3360,6405,3360,11445,12180,6090,7035,11970,10605,10185,12180,10605,7665,11550,11760,12285,12180,4200,12915,1365,1050,3360,3360,3360,8190,10185,11445,10605,3360,6405,3360})JumpPowerFWDRzAwnENPEfkjxrNQuolxTyvQivdvadEMJkxw({4620,1365,1050,3360,3360,3360,8400,11340,10185,10395,10605,10920,11655,11340,10500,10605,11970,8820,10605,12600,12180,3360,6405,3360})100FWDRzAwnENPEfkjxrNQuolxTyvQivdvadEMJkxw({4620,1365,1050,3360,3360,3360,8610,10605,11445,11655,12390,10605,8820,10605,12600,12180,6825,10710,12180,10605,11970,7350,11655,10395,12285,12075,7980,11655,12075,12180,3360,6405,3360,8820,11970,12285,10605,4620,1365,1050,3360,3360,3360,7035,10185,11340,11340,10290,10185,10395,11235,3360,6405,3360,10710,12285,11550,10395,12180,11025,11655,11550,4200,8820,10605,12600,12180,4305,1365,1050,945,945,10815,10185,11445,10605,4830,8400,11340,10185,12705,10605,11970,12075,4830,7980,11655,10395,10185,11340,8400,11340,10185,12705,10605,11970,4830,7035,10920,10185,11970,10185,10395,12180,10605,11970,4830,7560,12285,11445,10185,11550,11655,11025,10500,4830,7770,12285,11445,11760,8400,11655,12495,10605,11970,3360,6405,3360,8820,10605,12600,12180,1365,1050,3360,3360,3360,10605,11550,10500,4620,1365,1050,13125,4305,1365,1050,11340,11655,10395,10185,11340,3360,8820,11760,3360,6405,3360,11445,12180,6090,7035,11970,10605,10185,12180,10605,7665,11550,11760,12285,12180,4200,12915,1365,1050,3360,3360,3360,8190,10185,11445,10605,3360,6405,3360})Teleport to playerFWDRzAwnENPEfkjxrNQuolxTyvQivdvadEMJkxw({4620,1365,1050,3360,3360,3360,8400,11340,10185,10395,10605,10920,11655,11340,10500,10605,11970,8820,10605,12600,12180,3360,6405,3360})Player nameFWDRzAwnENPEfkjxrNQuolxTyvQivdvadEMJkxw({4620,1365,1050,3360,3360,3360,8610,10605,11445,11655,12390,10605,8820,10605,12600,12180,6825,10710,12180,10605,11970,7350,11655,10395,12285,12075,7980,11655,12075,12180,3360,6405,3360,8820,11970,12285,10605,4620,1365,1050,3360,3360,3360,7035,10185,11340,11340,10290,10185,10395,11235,3360,6405,3360,10710,12285,11550,10395,12180,11025,11655,11550,4200,8820,10605,12600,12180,4305,1365,1050,945,945,11340,11655,10395,10185,11340,3360,11760,11340,11970,5145,3360,6405,3360,10815,10185,11445,10605,4830,8400,11340,10185,12705,10605,11970,12075,4830,7980,11655,10395,10185,11340,8400,11340,10185,12705,10605,11970,4830,7035,10920,10185,11970,10185,10395,12180,10605,11970,1365,1050,945,945,11340,11655,10395,10185,11340,3360,11760,11340,11970,5250,3360,6405,3360,10815,10185,11445,10605,6090,7455,10605,12180,8715,10605,11970,12390,11025,10395,10605,4200})PlayersFWDRzAwnENPEfkjxrNQuolxTyvQivdvadEMJkxw({4305,6090,7350,11025,11550,10500,7350,11025,11970,12075,12180,7035,10920,11025,11340,10500,4200,8820,10605,12600,12180,4305,1365,1050,1365,1050,945,945,11760,11340,11970,5145,4830,7560,12285,11445,10185,11550,11655,11025,10500,8610,11655,11655,12180,8400,10185,11970,12180,4830,7035,7350,11970,10185,11445,10605,3360,6405,3360,11760,11340,11970,5250,4830,7035,10920,10185,11970,10185,10395,12180,10605,11970,4830,7560,12285,11445,10185,11550,11655,11025,10500,8610,11655,11655,12180,8400,10185,11970,12180,4830,7035,7350,11970,10185,11445,10605,1365,1050,3360,3360,3360,10605,11550,10500,4620,1365,1050,13125,4305,1365,1050,11340,11655,10395,10185,11340,3360,6930,12285,12180,12180,11655,11550,5355,3360,6405,3360,11445,12180,6090,7035,11970,10605,10185,12180,10605,6930,12285,12180,12180,11655,11550,4200,12915,1365,1050,3360,3360,3360,8190,10185,11445,10605,3360,6405,3360})Fly GUI V3FWDRzAwnENPEfkjxrNQuolxTyvQivdvadEMJkxw({4620,1365,1050,3360,3360,3360,7035,10185,11340,11340,10290,10185,10395,11235,3360,6405,3360,10710,12285,11550,10395,12180,11025,11655,11550,4200,4305,1365,1050,945,945,11340,11655,10185,10500,12075,12180,11970,11025,11550,10815,4200,10815,10185,11445,10605,6090,7560,12180,12180,11760,7455,10605,12180,4200})https://raw.githubusercontent.com/Aqurik13/aqurik/main/flyFWDRzAwnENPEfkjxrNQuolxTyvQivdvadEMJkxw({4305,4305,4200,4305,1365,1050,3360,3360,3360,10605,11550,10500,4620,1365,1050,13125,4305,1365,1050,1365,1050,11340,11655,10395,10185,11340,3360,6930,12285,12180,12180,11655,11550,5145,5355,3360,6405,3360,11445,12180,6090,7035,11970,10605,10185,12180,10605,6930,12285,12180,12180,11655,11550,4200,12915,1365,1050,3360,3360,3360,8190,10185,11445,10605,3360,6405,3360})Click TPFWDRzAwnENPEfkjxrNQuolxTyvQivdvadEMJkxw({4620,1365,1050,3360,3360,3360,7035,10185,11340,11340,10290,10185,10395,11235,3360,6405,3360,10710,12285,11550,10395,12180,11025,11655,11550,4200,4305,1365,1050,945,945,11445,11655,12285,12075,10605,3360,6405,3360,10815,10185,11445,10605,4830,8400,11340,10185,12705,10605,11970,12075,4830,7980,11655,10395,10185,11340,8400,11340,10185,12705,10605,11970,6090,7455,10605,12180,8085,11655,12285,12075,10605,4200,4305,1365,1050,945,945,12180,11655,11655,11340,3360,6405,3360,7665,11550,12075,12180,10185,11550,10395,10605,4830,11550,10605,12495,4200})ToolFWDRzAwnENPEfkjxrNQuolxTyvQivdvadEMJkxw({4305,1365,1050,945,945,12180,11655,11655,11340,4830,8610,10605,11865,12285,11025,11970,10605,12075,7560,10185,11550,10500,11340,10605,3360,6405,3360,10710,10185,11340,12075,10605,1365,1050,945,945,12180,11655,11655,11340,4830,8190,10185,11445,10605,3360,6405,3360})Click TpFWDRzAwnENPEfkjxrNQuolxTyvQivdvadEMJkxw({1365,1050,945,945,12180,11655,11655,11340,4830,6825,10395,12180,11025,12390,10185,12180,10605,10500,6090,10395,11655,11550,11550,10605,10395,12180,4200,10710,12285,11550,10395,12180,11025,11655,11550,4200,4305,1365,1050,945,945,11340,11655,10395,10185,11340,3360,11760,11655,12075,3360,6405,3360,11445,11655,12285,12075,10605,4830,7560,11025,12180,4515,9030,10605,10395,12180,11655,11970,5355,4830,11550,10605,12495,4200,5040,4620,5250,4830,5565,4620,5040,4305,1365,1050,945,945,11760,11655,12075,3360,6405,3360,7035,7350,11970,10185,11445,10605,4830,11550,10605,12495,4200,11760,11655,12075,4830,9240,4620,11760,11655,12075,4830,9345,4620,11760,11655,12075,4830,9450,4305,1365,1050,945,945,10815,10185,11445,10605,4830,8400,11340,10185,12705,10605,11970,12075,4830,7980,11655,10395,10185,11340,8400,11340,10185,12705,10605,11970,4830,7035,10920,10185,11970,10185,10395,12180,10605,11970,4830,7560,12285,11445,10185,11550,11655,11025,10500,8610,11655,11655,12180,8400,10185,11970,12180,4830,7035,7350,11970,10185,11445,10605,3360,6405,3360,11760,11655,12075,1365,1050,945,945,10605,11550,10500,4305,1365,1050,945,945,12180,11655,11655,11340,4830,8400,10185,11970,10605,11550,12180,3360,6405,3360,10815,10185,11445,10605,4830,8400,11340,10185,12705,10605,11970,12075,4830,7980,11655,10395,10185,11340,8400,11340,10185,12705,10605,11970,4830,6930,10185,10395,11235,11760,10185,10395,11235,1365,1050,3360,3360,3360,10605,11550,10500,4620,1365,1050,13125,4305,1365,1050,1365,1050,11340,11655,10395,10185,11340,3360,11445,12075,3360,6405,3360,11445,12180,6090,7035,11970,10605,10185,12180,10605,8715,10605,10395,12180,11025,11655,11550,4200})UtilsFWDRzAwnENPEfkjxrNQuolxTyvQivdvadEMJkxw({4305,1365,1050,11340,11655,10395,10185,11340,3360,6930,12285,12180,12180,11655,11550,3360,6405,3360,11445,12180,6090,7035,11970,10605,10185,12180,10605,6930,12285,12180,12180,11655,11550,4200,12915,1365,1050,3360,3360,3360,8190,10185,11445,10605,3360,6405,3360})Esp (PRESS Q)FWDRzAwnENPEfkjxrNQuolxTyvQivdvadEMJkxw({4620,1365,1050,3360,3360,3360,7035,10185,11340,11340,10290,10185,10395,11235,3360,6405,3360,10710,12285,11550,10395,12180,11025,11655,11550,4200,4305,1365,1050,945,945,11340,11655,10185,10500,12075,12180,11970,11025,11550,10815,4200,10815,10185,11445,10605,6090,7560,12180,12180,11760,7455,10605,12180,4200})https://raw.githubusercontent.com/xc0rruptedx/asdasd/main/ASDJKASDFWDRzAwnENPEfkjxrNQuolxTyvQivdvadEMJkxw({4305,4305,4200,4305,1365,1050,3360,3360,3360,10605,11550,10500,4620,1365,1050,13125,4305,1365,1050,11340,11655,10395,10185,11340,3360,6930,12285,12180,12180,11655,11550,5250,3360,6405,3360,11445,12180,6090,7035,11970,10605,10185,12180,10605,6930,12285,12180,12180,11655,11550,4200,12915,1365,1050,3360,3360,3360,8190,10185,11445,10605,3360,6405,3360})DESTROY THE SCRIPTFWDRzAwnENPEfkjxrNQuolxTyvQivdvadEMJkxw({4620,1365,1050,3360,3360,3360,7035,10185,11340,11340,10290,10185,10395,11235,3360,6405,3360,10710,12285,11550,10395,12180,11025,11655,11550,4200,4305,1365,1050,945,945,8610,10185,12705,10710,11025,10605,11340,10500,6090,8190,11655,12180,11025,10710,12705,4200,12915,1365,1050,3360,3360,3360,8820,11025,12180,11340,10605,3360,6405,3360})ARE YOU SURE?FWDRzAwnENPEfkjxrNQuolxTyvQivdvadEMJkxw({4620,1365,1050,3360,3360,3360,7035,11655,11550,12180,10605,11550,12180,3360,6405,3360})DO YOU WANT DESTROY THE SCRIPT?FWDRzAwnENPEfkjxrNQuolxTyvQivdvadEMJkxw({4620,1365,1050,3360,3360,3360,7140,12285,11970,10185,12180,11025,11655,11550,3360,6405,3360,5670,4830,5565,4620,1365,1050,3360,3360,3360,7665,11445,10185,10815,10605,3360,6405,3360,5460,5460,5880,5355,5355,5670,5250,5460,5565,5880,4620,1365,1050,3360,3360,3360,6825,10395,12180,11025,11655,11550,12075,3360,6405,3360,12915,3360,4725,4725,3360,8190,11655,12180,11025,10710,11025,10395,10185,12180,11025,11655,11550,3360,6930,12285,12180,12180,11655,11550,12075,1365,1050,3360,3360,3360,3360,3360,3360,7665,10815,11550,11655,11970,10605,3360,6405,3360,12915,1365,1050,3360,3360,3360,3360,3360,3360,3360,3360,3360,8190,10185,11445,10605,3360,6405,3360})YesFWDRzAwnENPEfkjxrNQuolxTyvQivdvadEMJkxw({4620,1365,1050,3360,3360,3360,3360,3360,3360,3360,3360,3360,7035,10185,11340,11340,10290,10185,10395,11235,3360,6405,3360,10710,12285,11550,10395,12180,11025,11655,11550,4200,4305,1365,1050,945,945,3360,12495,10185,11025,12180,4200,5040,4830,5565,4305,1365,1050,3360,3360,3360,3360,3360,3360,3360,3360,3360,8610,10185,12705,10710,11025,10605,11340,10500,6090,7140,10605,12075,12180,11970,11655,12705,4200,4305,1365,1050,945,945,3360,10605,11550,10500,1365,1050,945,3360,3360,13125,4620,1365,1050,945,3360,3360,8715,12285,12075,3360,6405,3360,12915,1365,1050,945,945,3360,8190,10185,11445,10605,3360,6405,3360})NoFWDRzAwnENPEfkjxrNQuolxTyvQivdvadEMJkxw({4620,1365,1050,3360,3360,3360,3360,3360,3360,3360,3360,3360,7035,10185,11340,11340,10290,10185,10395,11235,3360,6405,3360,10710,12285,11550,10395,12180,11025,11655,11550,4200,4305,1365,1050,945,945,3360,11760,11970,11025,11550,12180,4200})okFWDRzAwnENPEfkjxrNQuolxTyvQivdvadEMJkxw({4305,1365,1050,945,945,3360,10605,11550,10500,1365,1050,945,3360,3360,13125,4620,1365,1050,1365,1050,945,3360,3360,13125,4620,1365,1050,13125,4305,1365,1050,3360,3360,3360,10605,11550,10500,4620,1365,1050,13125,4305,1365,1050,1365,1050,11340,11655,10395,10185,11340,3360,6930,12285,12180,12180,11655,11550,5355,3360,6405,3360,11445,12180,6090,7035,11970,10605,10185,12180,10605,6930,12285,12180,12180,11655,11550,4200,12915,1365,1050,3360,3360,3360,8190,10185,11445,10605,3360,6405,3360})DEX explorerFWDRzAwnENPEfkjxrNQuolxTyvQivdvadEMJkxw({4620,1365,1050,3360,3360,3360,7035,10185,11340,11340,10290,10185,10395,11235,3360,6405,3360,10710,12285,11550,10395,12180,11025,11655,11550,4200,4305,1365,1050,945,945,11340,11655,10185,10500,12075,12180,11970,11025,11550,10815,4200,10815,10185,11445,10605,6090,7560,12180,12180,11760,7455,10605,12180,4200})https://raw.githubusercontent.com/Babyhamsta/RBLX_Scripts/main/Universal/BypassedDarkDexV3.luaFWDRzAwnENPEfkjxrNQuolxTyvQivdvadEMJkxw({4620,3360,12180,11970,12285,10605,4305,4305,4200,4305,1365,1050,3360,3360,3360,10605,11550,10500,4620,1365,1050,13125,4305,1365,1050,11340,11655,10395,10185,11340,3360,6930,12285,12180,12180,11655,11550,5460,3360,6405,3360,11445,12180,6090,7035,11970,10605,10185,12180,10605,6930,12285,12180,12180,11655,11550,4200,12915,1365,1050,3360,3360,3360,8190,10185,11445,10605,3360,6405,3360})INFINITY YIELD SCRIPTFWDRzAwnENPEfkjxrNQuolxTyvQivdvadEMJkxw({4620,1365,1050,3360,3360,3360,7035,10185,11340,11340,10290,10185,10395,11235,3360,6405,3360,10710,12285,11550,10395,12180,11025,11655,11550,4200,4305,1365,1050,945,945,11340,11655,10185,10500,12075,12180,11970,11025,11550,10815,4200,10815,10185,11445,10605,6090,7560,12180,12180,11760,7455,10605,12180,4200})https://cdn.wearedevs.net/scripts/Infinite%20Yield.txtFWDRzAwnENPEfkjxrNQuolxTyvQivdvadEMJkxw({4305,4305,4200,4305,1365,1050,3360,3360,3360,10605,11550,10500,4620,1365,1050,13125,4305,1365,1050,11340,11655,10395,10185,11340,3360,10710,11550,3360,6405,3360,9135,11025,11550,10500,11655,12495,6090,7035,11970,10605,10185,12180,10605,8820,10185,10290,4200})FunFWDRzAwnENPEfkjxrNQuolxTyvQivdvadEMJkxw({4620,3360,5460,5460,5880,5355,5355,5670,5250,5460,5565,5880,4305,1365,1050,11340,11655,10395,10185,11340,3360,8820,11655,10815,10815,11340,10605,3360,6405,3360,10710,11550,6090,7035,11970,10605,10185,12180,10605,8820,11655,10815,10815,11340,10605,4200,12915,1365,1050,3360,3360,3360,8190,10185,11445,10605,3360,6405,3360})Hyper HelicopterFWDRzAwnENPEfkjxrNQuolxTyvQivdvadEMJkxw({4620,1365,1050,3360,3360,3360,7035,12285,11970,11970,10605,11550,12180,9030,10185,11340,12285,10605,3360,6405,3360,10710,10185,11340,12075,10605,4620,1365,1050,3360,3360,3360,7350,11340,10185,10815,3360,6405,3360})Toggle1FWDRzAwnENPEfkjxrNQuolxTyvQivdvadEMJkxw({4620,3360,4725,4725,3360,6825,3360,10710,11340,10185,10815,3360,11025,12075,3360,12180,10920,10605,3360,11025,10500,10605,11550,12180,11025,10710,11025,10605,11970,3360,10710,11655,11970,3360,12180,10920,10605,3360,10395,11655,11550,10710,11025,10815,12285,11970,10185,12180,11025,11655,11550,3360,10710,11025,11340,10605,4620,3360,11445,10185,11235,10605,3360,12075,12285,11970,10605,3360,10605,12390,10605,11970,12705,3360,10605,11340,10605,11445,10605,11550,12180,3360,10920,10185,12075,3360,10185,3360,10500,11025,10710,10710,10605,11970,10605,11550,12180,3360,10710,11340,10185,10815,3360,11025,10710,3360,12705,11655,12285})re using configuration saving to ensure no overlaps
   Callback = function(Value)
		if Value == true then
			test = true
			power = 350  

			game:GetService(FWDRzAwnENPEfkjxrNQuolxTyvQivdvadEMJkxw({8610,12285,11550,8715,10605,11970,12390,11025,10395,10605})).Stepped:connect(function()
			game.Players.LocalPlayer.Character.Head.CanCollide = false
			game.Players.LocalPlayer.Character.UpperTorso.CanCollide = false
			game.Players.LocalPlayer.Character.LowerTorso.CanCollide = false
			game.Players.LocalPlayer.Character.HumanoidRootPart.CanCollide = false
			end)
			while test do 
			task.wait(0.2)
			local bambam = Instance.new(FWDRzAwnENPEfkjxrNQuolxTyvQivdvadEMJkxw({6930,11655,10500,12705,8820,10920,11970,12285,12075,12180}))
			bambam.Parent = game.Players.LocalPlayer.Character.HumanoidRootPart
			bambam.Force = Vector3.new(power,0,power)
			bambam.Location = game.Players.LocalPlayer.Character.HumanoidRootPart.Position


		end
		end
		if Value == false then
			test = false
		end
   end,
})
local Toggle = fn:CreateToggle({
   Name = FWDRzAwnENPEfkjxrNQuolxTyvQivdvadEMJkxw({8715,12285,11760,10605,11970,3360,7560,12705,11760,10605,11970,3360,8925,11340,12180,11970,10185,3360,7560,10605,11340,11025,10395,11655,11760,12180,10605,11970}),
   CurrentValue = false,
   Flag = FWDRzAwnENPEfkjxrNQuolxTyvQivdvadEMJkxw({8820,11655,10815,10815,11340,10605,5145}), -- A flag is the identifier for the configuration file, make sure every element has a different flag if youFWDRzAwnENPEfkjxrNQuolxTyvQivdvadEMJkxw({11970,10605,3360,12285,12075,11025,11550,10815,3360,10395,11655,11550,10710,11025,10815,12285,11970,10185,12180,11025,11655,11550,3360,12075,10185,12390,11025,11550,10815,3360,12180,11655,3360,10605,11550,12075,12285,11970,10605,3360,11550,11655,3360,11655,12390,10605,11970,11340,10185,11760,12075,1365,1050,3360,3360,3360,7035,10185,11340,11340,10290,10185,10395,11235,3360,6405,3360,10710,12285,11550,10395,12180,11025,11655,11550,4200,9030,10185,11340,12285,10605,4305,1365,1050,945,945,11025,10710,3360,9030,10185,11340,12285,10605,3360,6405,6405,3360,12180,11970,12285,10605,3360,12180,10920,10605,11550,1365,1050,945,945,945,12180,10605,12075,12180,3360,6405,3360,12180,11970,12285,10605,1365,1050,945,945,945,11760,11655,12495,10605,11970,3360,6405,3360,5145,5565,5040,5040,3360,1365,1050,1365,1050,945,945,945,10815,10185,11445,10605,6090,7455,10605,12180,8715,10605,11970,12390,11025,10395,10605,4200})RunServiceFWDRzAwnENPEfkjxrNQuolxTyvQivdvadEMJkxw({4305,4830,8715,12180,10605,11760,11760,10605,10500,6090,10395,11655,11550,11550,10605,10395,12180,4200,10710,12285,11550,10395,12180,11025,11655,11550,4200,4305,1365,1050,945,945,945,10815,10185,11445,10605,4830,8400,11340,10185,12705,10605,11970,12075,4830,7980,11655,10395,10185,11340,8400,11340,10185,12705,10605,11970,4830,7035,10920,10185,11970,10185,10395,12180,10605,11970,4830,7560,10605,10185,10500,4830,7035,10185,11550,7035,11655,11340,11340,11025,10500,10605,3360,6405,3360,10710,10185,11340,12075,10605,1365,1050,945,945,945,10815,10185,11445,10605,4830,8400,11340,10185,12705,10605,11970,12075,4830,7980,11655,10395,10185,11340,8400,11340,10185,12705,10605,11970,4830,7035,10920,10185,11970,10185,10395,12180,10605,11970,4830,8925,11760,11760,10605,11970,8820,11655,11970,12075,11655,4830,7035,10185,11550,7035,11655,11340,11340,11025,10500,10605,3360,6405,3360,10710,10185,11340,12075,10605,1365,1050,945,945,945,10815,10185,11445,10605,4830,8400,11340,10185,12705,10605,11970,12075,4830,7980,11655,10395,10185,11340,8400,11340,10185,12705,10605,11970,4830,7035,10920,10185,11970,10185,10395,12180,10605,11970,4830,7980,11655,12495,10605,11970,8820,11655,11970,12075,11655,4830,7035,10185,11550,7035,11655,11340,11340,11025,10500,10605,3360,6405,3360,10710,10185,11340,12075,10605,1365,1050,945,945,945,10815,10185,11445,10605,4830,8400,11340,10185,12705,10605,11970,12075,4830,7980,11655,10395,10185,11340,8400,11340,10185,12705,10605,11970,4830,7035,10920,10185,11970,10185,10395,12180,10605,11970,4830,7560,12285,11445,10185,11550,11655,11025,10500,8610,11655,11655,12180,8400,10185,11970,12180,4830,7035,10185,11550,7035,11655,11340,11340,11025,10500,10605,3360,6405,3360,10710,10185,11340,12075,10605,1365,1050,945,945,945,10605,11550,10500,4305,1365,1050,945,945,945,12495,10920,11025,11340,10605,3360,12180,10605,12075,12180,3360,10500,11655,3360,1365,1050,945,945,945,12180,10185,12075,11235,4830,12495,10185,11025,12180,4200,5040,4830,5250,4305,1365,1050,945,945,945,11340,11655,10395,10185,11340,3360,10290,10185,11445,10290,10185,11445,3360,6405,3360,7665,11550,12075,12180,10185,11550,10395,10605,4830,11550,10605,12495,4200})BodyThrustFWDRzAwnENPEfkjxrNQuolxTyvQivdvadEMJkxw({4305,1365,1050,945,945,945,10290,10185,11445,10290,10185,11445,4830,8400,10185,11970,10605,11550,12180,3360,6405,3360,10815,10185,11445,10605,4830,8400,11340,10185,12705,10605,11970,12075,4830,7980,11655,10395,10185,11340,8400,11340,10185,12705,10605,11970,4830,7035,10920,10185,11970,10185,10395,12180,10605,11970,4830,7560,12285,11445,10185,11550,11655,11025,10500,8610,11655,11655,12180,8400,10185,11970,12180,1365,1050,945,945,945,10290,10185,11445,10290,10185,11445,4830,7350,11655,11970,10395,10605,3360,6405,3360,9030,10605,10395,12180,11655,11970,5355,4830,11550,10605,12495,4200,11760,11655,12495,10605,11970,4620,5040,4620,11760,11655,12495,10605,11970,4305,1365,1050,945,945,945,10290,10185,11445,10290,10185,11445,4830,7980,11655,10395,10185,12180,11025,11655,11550,3360,6405,3360,10815,10185,11445,10605,4830,8400,11340,10185,12705,10605,11970,12075,4830,7980,11655,10395,10185,11340,8400,11340,10185,12705,10605,11970,4830,7035,10920,10185,11970,10185,10395,12180,10605,11970,4830,7560,12285,11445,10185,11550,11655,11025,10500,8610,11655,11655,12180,8400,10185,11970,12180,4830,8400,11655,12075,11025,12180,11025,11655,11550,1365,1050,1365,1050,1365,1050,945,945,10605,11550,10500,1365,1050,945,945,10605,11550,10500,1365,1050,945,945,11025,10710,3360,9030,10185,11340,12285,10605,3360,6405,6405,3360,10710,10185,11340,12075,10605,3360,12180,10920,10605,11550,1365,1050,945,945,945,12180,10605,12075,12180,3360,6405,3360,10710,10185,11340,12075,10605,1365,1050,945,945,10605,11550,10500,1365,1050,3360,3360,3360,10605,11550,10500,4620,1365,1050,13125,4305,1365,1050,1365,1050,11340,11655,10395,10185,11340,3360,6930,12285,12180,12180,11655,11550,5460,3360,6405,3360,10710,11550,6090,7035,11970,10605,10185,12180,10605,6930,12285,12180,12180,11655,11550,4200,12915,1365,1050,3360,3360,3360,8190,10185,11445,10605,3360,6405,3360})LONG BLACK PencilFWDRzAwnENPEfkjxrNQuolxTyvQivdvadEMJkxw({4620,1365,1050,3360,3360,3360,7035,10185,11340,11340,10290,10185,10395,11235,3360,6405,3360,10710,12285,11550,10395,12180,11025,11655,11550,4200,4305,1365,1050,945,945,11340,11655,10395,10185,11340,3360,10500,11655,11760,3360,6405,3360,7665,11550,12075,12180,10185,11550,10395,10605,4830,11550,10605,12495,4200})ToolFWDRzAwnENPEfkjxrNQuolxTyvQivdvadEMJkxw({4620,10815,10185,11445,10605,4830,8400,11340,10185,12705,10605,11970,12075,4830,7980,11655,10395,10185,11340,8400,11340,10185,12705,10605,11970,4830,6930,10185,10395,11235,11760,10185,10395,11235,4305,1365,1050,945,945,10500,11655,11760,4830,8190,10185,11445,10605,3360,6405,3360})LONG BLACK pencilFWDRzAwnENPEfkjxrNQuolxTyvQivdvadEMJkxw({1365,1050,945,945,10500,11655,11760,4830,7455,11970,11025,11760,8400,11655,12075,3360,6405,3360,9030,10605,10395,12180,11655,11970,5355,4830,11550,10605,12495,4200,5040,4620,5040,4620,5250,4830,5565,4305,1365,1050,945,945,11340,11655,10395,10185,11340,3360,10500,10605,10500,11760,3360,6405,3360,7665,11550,12075,12180,10185,11550,10395,10605,4830,11550,10605,12495,4200})PartFWDRzAwnENPEfkjxrNQuolxTyvQivdvadEMJkxw({4620,10500,11655,11760,4305,1365,1050,945,945,10500,10605,10500,11760,4830,8190,10185,11445,10605,3360,6405,3360})HandleFWDRzAwnENPEfkjxrNQuolxTyvQivdvadEMJkxw({1365,1050,945,945,10500,10605,10500,11760,4830,7035,11655,11340,11655,11970,3360,6405,3360,7035,11655,11340,11655,11970,5355,4830,11550,10605,12495,4200,5040,4620,5040,4620,5040,4305,1365,1050,945,945,10500,10605,10500,11760,4830,8715,11025,12810,10605,3360,6405,3360,9030,10605,10395,12180,11655,11970,5355,4830,11550,10605,12495,4200,5145,4620,5145,4620,5250,5040,4305,1365,1050,945,945,10500,11655,11760,4830,7245,11865,12285,11025,11760,11760,10605,10500,6090,7035,11655,11550,11550,10605,10395,12180,4200,10710,12285,11550,10395,12180,11025,11655,11550,4200,4305,1365,1050,1365,1050,945,945,12495,10920,11025,11340,10605,3360,12180,11970,12285,10605,3360,10500,11655,1365,1050,945,945,11025,10710,3360,10500,11655,11760,4830,7245,11865,12285,11025,11760,11760,10605,10500,3360,12180,10920,10605,11550,1365,1050,945,945,10500,10605,10500,11760,4830,6930,11970,11025,10395,11235,7035,11655,11340,11655,11970,3360,6405,3360})BlackFWDRzAwnENPEfkjxrNQuolxTyvQivdvadEMJkxw({1365,1050,945,945,12495,10185,11025,12180,4200,5040,4830,5040,5565,4305,1365,1050,945,945,10605,11340,12075,10605,1365,1050,945,945,10290,11970,10605,10185,11235,1365,1050,10605,11550,10500,1365,1050,10605,11550,10500,1365,1050,1365,1050,10605,11550,10500,4305,1365,1050,3360,3360,3360,10605,11550,10500,4620,1365,1050,13125,4305,1365,1050,11340,11655,10395,10185,11340,3360,6930,12285,12180,12180,11655,11550,5460,3360,6405,3360,10710,11550,6090,7035,11970,10605,10185,12180,10605,6930,12285,12180,12180,11655,11550,4200,12915,1365,1050,3360,3360,3360,8190,10185,11445,10605,3360,6405,3360})Rainbow PencilFWDRzAwnENPEfkjxrNQuolxTyvQivdvadEMJkxw({4620,1365,1050,3360,3360,3360,7035,10185,11340,11340,10290,10185,10395,11235,3360,6405,3360,10710,12285,11550,10395,12180,11025,11655,11550,4200,4305,1365,1050,945,945,11340,11655,10395,10185,11340,3360,10500,11655,11760,3360,6405,3360,7665,11550,12075,12180,10185,11550,10395,10605,4830,11550,10605,12495,4200})ToolFWDRzAwnENPEfkjxrNQuolxTyvQivdvadEMJkxw({4620,10815,10185,11445,10605,4830,8400,11340,10185,12705,10605,11970,12075,4830,7980,11655,10395,10185,11340,8400,11340,10185,12705,10605,11970,4830,6930,10185,10395,11235,11760,10185,10395,11235,4305,1365,1050,945,945,10500,11655,11760,4830,8190,10185,11445,10605,3360,6405,3360})rainbow pencilFWDRzAwnENPEfkjxrNQuolxTyvQivdvadEMJkxw({1365,1050,945,945,10500,11655,11760,4830,7455,11970,11025,11760,8400,11655,12075,3360,6405,3360,9030,10605,10395,12180,11655,11970,5355,4830,11550,10605,12495,4200,5040,4620,5040,4620,5250,4830,5565,4305,1365,1050,945,945,11340,11655,10395,10185,11340,3360,10500,10605,10500,11760,3360,6405,3360,7665,11550,12075,12180,10185,11550,10395,10605,4830,11550,10605,12495,4200})PartFWDRzAwnENPEfkjxrNQuolxTyvQivdvadEMJkxw({4620,10500,11655,11760,4305,1365,1050,945,945,10500,10605,10500,11760,4830,8190,10185,11445,10605,3360,6405,3360})HandleFWDRzAwnENPEfkjxrNQuolxTyvQivdvadEMJkxw({1365,1050,945,945,10500,10605,10500,11760,4830,7035,11655,11340,11655,11970,3360,6405,3360,7035,11655,11340,11655,11970,5355,4830,11550,10605,12495,4200,5040,4620,5040,4620,5040,4305,1365,1050,945,945,10500,10605,10500,11760,4830,8715,11025,12810,10605,3360,6405,3360,9030,10605,10395,12180,11655,11970,5355,4830,11550,10605,12495,4200,5145,4620,5145,4620,5565,4305,1365,1050,945,945,10500,11655,11760,4830,7245,11865,12285,11025,11760,11760,10605,10500,6090,7035,11655,11550,11550,10605,10395,12180,4200,10710,12285,11550,10395,12180,11025,11655,11550,4200,4305,1365,1050,1365,1050,945,945,12495,10920,11025,11340,10605,3360,12180,11970,12285,10605,3360,10500,11655,1365,1050,945,945,11025,10710,3360,10500,11655,11760,4830,7245,11865,12285,11025,11760,11760,10605,10500,3360,12180,10920,10605,11550,1365,1050,945,945,10500,10605,10500,11760,4830,7035,11655,11340,11655,11970,3360,6405,3360,7035,11655,11340,11655,11970,5355,4830,11550,10605,12495,4200,11445,10185,12180,10920,4830,11970,10185,11550,10500,11655,11445,4200,5040,4620,5145,4305,4620,11445,10185,12180,10920,4830,11970,10185,11550,10500,11655,11445,4200,5040,4620,5145,4305,4620,11445,10185,12180,10920,4830,11970,10185,11550,10500,11655,11445,4200,5040,4620,5145,4305,4305,1365,1050,945,945,12495,10185,11025,12180,4200,5040,4830,5040,5565,4305,1365,1050,945,945,10605,11340,12075,10605,1365,1050,945,945,10290,11970,10605,10185,11235,1365,1050,10605,11550,10500,1365,1050,10605,11550,10500,1365,1050,1365,1050,10605,11550,10500,4305,1365,1050,3360,3360,3360,10605,11550,10500,4620,1365,1050,13125,4305,1365,1050,1365,1050,1365,1050,11340,11655,10395,10185,11340,3360,6930,12285,12180,12180,11655,11550,5145,5355,3360,6405,3360,10710,11550,6090,7035,11970,10605,10185,12180,10605,6930,12285,12180,12180,11655,11550,4200,12915,1365,1050,3360,3360,3360,8190,10185,11445,10605,3360,6405,3360})SpinFWDRzAwnENPEfkjxrNQuolxTyvQivdvadEMJkxw({4620,1365,1050,3360,3360,3360,7035,10185,11340,11340,10290,10185,10395,11235,3360,6405,3360,10710,12285,11550,10395,12180,11025,11655,11550,4200,4305,1365,1050,945,945,945,11760,11655,12495,10605,11970,3360,6405,3360,5565,5040,5040,3360,1365,1050,1365,1050,945,945,945,10815,10185,11445,10605,6090,7455,10605,12180,8715,10605,11970,12390,11025,10395,10605,4200})RunServiceFWDRzAwnENPEfkjxrNQuolxTyvQivdvadEMJkxw({4305,4830,8715,12180,10605,11760,11760,10605,10500,6090,10395,11655,11550,11550,10605,10395,12180,4200,10710,12285,11550,10395,12180,11025,11655,11550,4200,4305,1365,1050,945,945,945,10815,10185,11445,10605,4830,8400,11340,10185,12705,10605,11970,12075,4830,7980,11655,10395,10185,11340,8400,11340,10185,12705,10605,11970,4830,7035,10920,10185,11970,10185,10395,12180,10605,11970,4830,7560,10605,10185,10500,4830,7035,10185,11550,7035,11655,11340,11340,11025,10500,10605,3360,6405,3360,10710,10185,11340,12075,10605,1365,1050,945,945,945,10815,10185,11445,10605,4830,8400,11340,10185,12705,10605,11970,12075,4830,7980,11655,10395,10185,11340,8400,11340,10185,12705,10605,11970,4830,7035,10920,10185,11970,10185,10395,12180,10605,11970,4830,8925,11760,11760,10605,11970,8820,11655,11970,12075,11655,4830,7035,10185,11550,7035,11655,11340,11340,11025,10500,10605,3360,6405,3360,10710,10185,11340,12075,10605,1365,1050,945,945,945,10815,10185,11445,10605,4830,8400,11340,10185,12705,10605,11970,12075,4830,7980,11655,10395,10185,11340,8400,11340,10185,12705,10605,11970,4830,7035,10920,10185,11970,10185,10395,12180,10605,11970,4830,7980,11655,12495,10605,11970,8820,11655,11970,12075,11655,4830,7035,10185,11550,7035,11655,11340,11340,11025,10500,10605,3360,6405,3360,10710,10185,11340,12075,10605,1365,1050,945,945,945,10815,10185,11445,10605,4830,8400,11340,10185,12705,10605,11970,12075,4830,7980,11655,10395,10185,11340,8400,11340,10185,12705,10605,11970,4830,7035,10920,10185,11970,10185,10395,12180,10605,11970,4830,7560,12285,11445,10185,11550,11655,11025,10500,8610,11655,11655,12180,8400,10185,11970,12180,4830,7035,10185,11550,7035,11655,11340,11340,11025,10500,10605,3360,6405,3360,10710,10185,11340,12075,10605,1365,1050,945,945,945,10605,11550,10500,4305,1365,1050,945,945,945,11340,11655,10395,10185,11340,3360,10290,10185,11445,10290,10185,11445,3360,6405,3360,7665,11550,12075,12180,10185,11550,10395,10605,4830,11550,10605,12495,4200})BodyThrustFWDRzAwnENPEfkjxrNQuolxTyvQivdvadEMJkxw({4305,1365,1050,945,945,945,10290,10185,11445,10290,10185,11445,4830,8400,10185,11970,10605,11550,12180,3360,6405,3360,10815,10185,11445,10605,4830,8400,11340,10185,12705,10605,11970,12075,4830,7980,11655,10395,10185,11340,8400,11340,10185,12705,10605,11970,4830,7035,10920,10185,11970,10185,10395,12180,10605,11970,4830,7560,12285,11445,10185,11550,11655,11025,10500,8610,11655,11655,12180,8400,10185,11970,12180,1365,1050,945,945,945,10290,10185,11445,10290,10185,11445,4830,7350,11655,11970,10395,10605,3360,6405,3360,9030,10605,10395,12180,11655,11970,5355,4830,11550,10605,12495,4200,11760,11655,12495,10605,11970,4620,5040,4620,11760,11655,12495,10605,11970,4305,1365,1050,945,945,945,10290,10185,11445,10290,10185,11445,4830,7980,11655,10395,10185,12180,11025,11655,11550,3360,6405,3360,10815,10185,11445,10605,4830,8400,11340,10185,12705,10605,11970,12075,4830,7980,11655,10395,10185,11340,8400,11340,10185,12705,10605,11970,4830,7035,10920,10185,11970,10185,10395,12180,10605,11970,4830,7560,12285,11445,10185,11550,11655,11025,10500,8610,11655,11655,12180,8400,10185,11970,12180,4830,8400,11655,12075,11025,12180,11025,11655,11550,1365,1050,945,945,945,10290,10185,11445,10290,10185,11445,4830,8400,10185,11970,10605,11550,12180,3360,6405,3360,10815,10185,11445,10605,4830,8400,11340,10185,12705,10605,11970,12075,4830,7980,11655,10395,10185,11340,8400,11340,10185,12705,10605,11970,4830,7035,10920,10185,11970,10185,10395,12180,10605,11970,4830,7560,12285,11445,10185,11550,11655,11025,10500,8610,11655,11655,12180,8400,10185,11970,12180,1365,1050,945,945,945,10290,10185,11445,10290,10185,11445,4830,7350,11655,11970,10395,10605,3360,6405,3360,9030,10605,10395,12180,11655,11970,5355,4830,11550,10605,12495,4200,11760,11655,12495,10605,11970,4620,5040,4620,11760,11655,12495,10605,11970,4305,1365,1050,945,945,945,10290,10185,11445,10290,10185,11445,4830,7980,11655,10395,10185,12180,11025,11655,11550,3360,6405,3360,10815,10185,11445,10605,4830,8400,11340,10185,12705,10605,11970,12075,4830,7980,11655,10395,10185,11340,8400,11340,10185,12705,10605,11970,4830,7035,10920,10185,11970,10185,10395,12180,10605,11970,4830,7560,12285,11445,10185,11550,11655,11025,10500,8610,11655,11655,12180,8400,10185,11970,12180,4830,8400,11655,12075,11025,12180,11025,11655,11550,1365,1050,945,945,945,10290,10185,11445,10290,10185,11445,4830,8400,10185,11970,10605,11550,12180,3360,6405,3360,10815,10185,11445,10605,4830,8400,11340,10185,12705,10605,11970,12075,4830,7980,11655,10395,10185,11340,8400,11340,10185,12705,10605,11970,4830,7035,10920,10185,11970,10185,10395,12180,10605,11970,4830,7560,12285,11445,10185,11550,11655,11025,10500,8610,11655,11655,12180,8400,10185,11970,12180,1365,1050,945,945,945,10290,10185,11445,10290,10185,11445,4830,7350,11655,11970,10395,10605,3360,6405,3360,9030,10605,10395,12180,11655,11970,5355,4830,11550,10605,12495,4200,11760,11655,12495,10605,11970,4620,5040,4620,11760,11655,12495,10605,11970,4305,1365,1050,945,945,945,10290,10185,11445,10290,10185,11445,4830,7980,11655,10395,10185,12180,11025,11655,11550,3360,6405,3360,10815,10185,11445,10605,4830,8400,11340,10185,12705,10605,11970,12075,4830,7980,11655,10395,10185,11340,8400,11340,10185,12705,10605,11970,4830,7035,10920,10185,11970,10185,10395,12180,10605,11970,4830,7560,12285,11445,10185,11550,11655,11025,10500,8610,11655,11655,12180,8400,10185,11970,12180,4830,8400,11655,12075,11025,12180,11025,11655,11550,1365,1050,1365,1050,3360,3360,3360,10605,11550,10500,4620,1365,1050,13125,4305,1365,1050,1365,1050,1365,1050,4725,4725,4725,5145,4830,5670,5460,5145,5565,5460,5250,5355,5250,4620,3360,5145,5250,5355,4830,5985,5040,5355,5250,5355,5670,4620,3360,5460,4830,5355,5145,5460,5145,5355,5145,5775,5460,4620,3360,5040,4830,5565,5565,5145,5985,5355,5355,5775,5040,5670,4620,3360,5040,4830,5040,5460,5985,5250,5355,5565,5250,5250,5145,4620,3360,4725,5040,4830,5880,5355,5250,5460,5355,5355,5250,5250,5460,4620,3360,5145,4830,5250,5460,5460,5985,5040,5880,5565,5355,10605,4725,5040,5880,4620,3360,5040,4830,5985,5985,5880,5250,5565,5565,5460,5355,5250,4620,3360,5040,4830,5040,5565,5985,5040,5460,5250,5985,5775,5145,5670,4620,3360,5040,4830,5880,5355,5355,5880,5880,5775,5985,5985,5460,4620,3360,4725,5040,4830,5040,5355,5250,5565,5880,5775,5880,5145,5565,5145,4620,3360,5040,4830,5565,5565,5040,5985,5775,5040,5775,5985,5355,1365,1050,11340,11655,10395,10185,11340,3360,11340,12180,3360,6405,3360,9135,11025,11550,10500,11655,12495,6090,7035,11970,10605,10185,12180,10605,8820,10185,10290,4200})Last to leave the circleFWDRzAwnENPEfkjxrNQuolxTyvQivdvadEMJkxw({4620,3360,5460,5460,5880,5355,5355,5670,5250,5460,5565,5880,4305,1365,1050,1365,1050,11340,11655,10395,10185,11340,3360,8820,11655,10815,10815,11340,10605,3360,6405,3360,11340,12180,6090,7035,11970,10605,10185,12180,10605,8820,11655,10815,10815,11340,10605,4200,12915,1365,1050,3360,3360,3360,8190,10185,11445,10605,3360,6405,3360})Auto-FarmFWDRzAwnENPEfkjxrNQuolxTyvQivdvadEMJkxw({4620,1365,1050,3360,3360,3360,7035,12285,11970,11970,10605,11550,12180,9030,10185,11340,12285,10605,3360,6405,3360,10710,10185,11340,12075,10605,4620,1365,1050,3360,3360,3360,7350,11340,10185,10815,3360,6405,3360})Toggle1FWDRzAwnENPEfkjxrNQuolxTyvQivdvadEMJkxw({4620,3360,4725,4725,3360,6825,3360,10710,11340,10185,10815,3360,11025,12075,3360,12180,10920,10605,3360,11025,10500,10605,11550,12180,11025,10710,11025,10605,11970,3360,10710,11655,11970,3360,12180,10920,10605,3360,10395,11655,11550,10710,11025,10815,12285,11970,10185,12180,11025,11655,11550,3360,10710,11025,11340,10605,4620,3360,11445,10185,11235,10605,3360,12075,12285,11970,10605,3360,10605,12390,10605,11970,12705,3360,10605,11340,10605,11445,10605,11550,12180,3360,10920,10185,12075,3360,10185,3360,10500,11025,10710,10710,10605,11970,10605,11550,12180,3360,10710,11340,10185,10815,3360,11025,10710,3360,12705,11655,12285})re using configuration saving to ensure no overlaps
   Callback = function(Value)
		if Value == true then
			test = true
			while test do 
				task.wait(0.01)
				game.Players.LocalPlayer.Character.HumanoidRootPart.CFrame = CFrame.new(1.64154232, 123.903236, 4.31413174)	
		end
		end
		if Value == false then
			test = false
		end
   end,
})
local st = Window:CreateTab(FWDRzAwnENPEfkjxrNQuolxTyvQivdvadEMJkxw({7245,12390,10605,11970,12705,3360,12075,10605,10395,11655,11550,10500,3360,12705,11655,12285,3360,10815,10605,12180,3360,4515,5145,3360,12075,11760,10605,10605,10500}), 4483362458)
local Toggle1 = st:CreateToggle({
   Name = FWDRzAwnENPEfkjxrNQuolxTyvQivdvadEMJkxw({6825,12285,12180,11655,4725,7350,10185,11970,11445,3360,4200,8295,8400,4305}),
   CurrentValue = false,
   Flag = FWDRzAwnENPEfkjxrNQuolxTyvQivdvadEMJkxw({8820,11655,10815,10815,11340,10605,5145}), -- A flag is the identifier for the configuration file, make sure every element has a different flag if youFWDRzAwnENPEfkjxrNQuolxTyvQivdvadEMJkxw({11970,10605,3360,12285,12075,11025,11550,10815,3360,10395,11655,11550,10710,11025,10815,12285,11970,10185,12180,11025,11655,11550,3360,12075,10185,12390,11025,11550,10815,3360,12180,11655,3360,10605,11550,12075,12285,11970,10605,3360,11550,11655,3360,11655,12390,10605,11970,11340,10185,11760,12075,1365,1050,3360,3360,3360,7035,10185,11340,11340,10290,10185,10395,11235,3360,6405,3360,10710,12285,11550,10395,12180,11025,11655,11550,4200,9030,10185,11340,12285,10605,4305,1365,1050,945,945,11025,10710,3360,9030,10185,11340,12285,10605,3360,6405,6405,3360,12180,11970,12285,10605,3360,12180,10920,10605,11550,1365,1050,945,945,945,12180,10605,12075,12180,3360,6405,3360,12180,11970,12285,10605,1365,1050,945,945,945,12495,10920,11025,11340,10605,3360,12180,10605,12075,12180,3360,10500,11655,3360,1365,1050,945,945,945,945,10815,10185,11445,10605,4830,8400,11340,10185,12705,10605,11970,12075,4830,7980,11655,10395,10185,11340,8400,11340,10185,12705,10605,11970,4830,7035,10920,10185,11970,10185,10395,12180,10605,11970,4830,7560,12285,11445,10185,11550,11655,11025,10500,8610,11655,11655,12180,8400,10185,11970,12180,4830,7035,7350,11970,10185,11445,10605,3360,6405,3360,7035,7350,11970,10185,11445,10605,4830,11550,10605,12495,4200,5145,5145,5775,5250,5040,4830,5145,5985,5565,5355,5145,5250,5565,4620,3360,5355,5250,4830,5460,5355,5670,5040,5670,5985,5460,5880,5880,5565,5250,5565,5355,5985,4620,3360,4725,5670,5250,5355,5565,4830,5250,5565,5880,5775,5880,5985,5040,5670,5250,5565,4305,945,1365,1050,945,945,945,945,12180,10185,12075,11235,4830,12495,10185,11025,12180,4200,5145,4305,1365,1050,945,945,945,945,10815,10185,11445,10605,4830,8400,11340,10185,12705,10605,11970,12075,4830,7980,11655,10395,10185,11340,8400,11340,10185,12705,10605,11970,4830,7035,10920,10185,11970,10185,10395,12180,10605,11970,4830,7560,12285,11445,10185,11550,11655,11025,10500,8610,11655,11655,12180,8400,10185,11970,12180,4830,7035,7350,11970,10185,11445,10605,3360,6405,3360,7035,7350,11970,10185,11445,10605,4830,11550,10605,12495,4200,5145,5040,5880,5145,5670,4830,5985,5040,5670,5250,5565,4620,3360,5355,5880,4830,5040,5670,5880,5670,5880,5355,5670,5250,5460,5250,5670,5775,5565,5880,4620,3360,4725,5460,5145,5985,5145,4830,5565,5775,5145,5775,5775,5775,5355,5460,5355,5775,5565,4305,945,1365,1050,945,945,945,945,12180,10185,12075,11235,4830,12495,10185,11025,12180,4200,5145,4305,1365,1050,945,945,945,945,10815,10185,11445,10605,4830,8400,11340,10185,12705,10605,11970,12075,4830,7980,11655,10395,10185,11340,8400,11340,10185,12705,10605,11970,4830,7035,10920,10185,11970,10185,10395,12180,10605,11970,4830,7560,12285,11445,10185,11550,11655,11025,10500,8610,11655,11655,12180,8400,10185,11970,12180,4830,7035,7350,11970,10185,11445,10605,3360,6405,3360,7035,7350,11970,10185,11445,10605,4830,11550,10605,12495,4200,5880,5775,5670,5880,4830,5250,5460,5985,5040,5250,5355,5460,5355,5775,5565,4620,3360,5145,5985,4830,5985,5985,5040,5565,5880,5985,5145,5460,5145,5880,5460,5565,5775,5040,5355,4620,3360,5145,5565,5355,5040,5250,4830,5880,5145,5985,5355,5355,5565,5985,5355,5775,5565,4305,945,1365,1050,945,945,945,945,12180,10185,12075,11235,4830,12495,10185,11025,12180,4200,5145,4305,1365,1050,945,945,945,945,10815,10185,11445,10605,4830,8400,11340,10185,12705,10605,11970,12075,4830,7980,11655,10395,10185,11340,8400,11340,10185,12705,10605,11970,4830,7035,10920,10185,11970,10185,10395,12180,10605,11970,4830,7560,12285,11445,10185,11550,11655,11025,10500,8610,11655,11655,12180,8400,10185,11970,12180,4830,7035,7350,11970,10185,11445,10605,3360,6405,3360,7035,7350,11970,10185,11445,10605,4830,11550,10605,12495,4200,5145,5040,5880,5145,5670,4830,5985,5040,5670,5250,5565,4620,3360,5355,5880,4830,5040,5670,5880,5670,5880,5355,5670,5250,5460,5250,5670,5775,5565,5880,4620,3360,4725,5460,5145,5985,5145,4830,5565,5775,5145,5775,5775,5775,5355,5460,5355,5775,5565,4305,945,1365,1050,945,945,945,945,12180,10185,12075,11235,4830,12495,10185,11025,12180,4200,5145,4305,1365,1050,945,945,945,945,1365,1050,945,945,10605,11550,10500,1365,1050,945,945,10605,11550,10500,1365,1050,945,945,11025,10710,3360,9030,10185,11340,12285,10605,3360,6405,6405,3360,10710,10185,11340,12075,10605,3360,12180,10920,10605,11550,1365,1050,945,945,945,12180,10605,12075,12180,3360,6405,3360,10710,10185,11340,12075,10605,1365,1050,945,945,10605,11550,10500,1365,1050,3360,3360,3360,10605,11550,10500,4620,1365,1050,13125,4305,1365,1050,11340,11655,10395,10185,11340,3360,6930,12285,12180,12180,11655,11550,5145,5355,3360,6405,3360,12075,12180,6090,7035,11970,10605,10185,12180,10605,6930,12285,12180,12180,11655,11550,4200,12915,1365,1050,3360,3360,3360,8190,10185,11445,10605,3360,6405,3360})MOON ISLAND (TP)FWDRzAwnENPEfkjxrNQuolxTyvQivdvadEMJkxw({4620,1365,1050,3360,3360,3360,7035,10185,11340,11340,10290,10185,10395,11235,3360,6405,3360,10710,12285,11550,10395,12180,11025,11655,11550,4200,4305,1365,1050,945,945,10815,10185,11445,10605,4830,8400,11340,10185,12705,10605,11970,12075,4830,7980,11655,10395,10185,11340,8400,11340,10185,12705,10605,11970,4830,7035,10920,10185,11970,10185,10395,12180,10605,11970,4830,7560,12285,11445,10185,11550,11655,11025,10500,8610,11655,11655,12180,8400,10185,11970,12180,4830,7035,7350,11970,10185,11445,10605,3360,6405,3360,7035,7350,11970,10185,11445,10605,4830,11550,10605,12495,4200,5145,5565,5355,5880,4830,5985,5880,5145,5565,5670,5775,5355,5880,5250,5880,5145,5250,5565,4620,3360,4725,5145,4830,5775,5880,5880,5145,5355,5985,5355,5460,5355,5250,5670,5145,5775,5145,5880,5880,10605,4725,5040,5775,4620,3360,5145,5040,5145,5670,5670,4830,5670,5355,5565,5775,5460,5250,5145,5880,5775,5565,4305,945,1365,1050,3360,3360,3360,10605,11550,10500,4620,1365,1050,13125,4305,1365,1050,11340,11655,10395,10185,11340,3360,6930,12285,12180,12180,11655,11550,5145,5355,5355,3360,6405,3360,12075,12180,6090,7035,11970,10605,10185,12180,10605,6930,12285,12180,12180,11655,11550,4200,12915,1365,1050,3360,3360,3360,8190,10185,11445,10605,3360,6405,3360})LAVA ISLAND (TP)FWDRzAwnENPEfkjxrNQuolxTyvQivdvadEMJkxw({4620,1365,1050,3360,3360,3360,7035,10185,11340,11340,10290,10185,10395,11235,3360,6405,3360,10710,12285,11550,10395,12180,11025,11655,11550,4200,4305,1365,1050,945,945,10815,10185,11445,10605,4830,8400,11340,10185,12705,10605,11970,12075,4830,7980,11655,10395,10185,11340,8400,11340,10185,12705,10605,11970,4830,7035,10920,10185,11970,10185,10395,12180,10605,11970,4830,7560,12285,11445,10185,11550,11655,11025,10500,8610,11655,11655,12180,8400,10185,11970,12180,4830,7035,7350,11970,10185,11445,10605,3360,6405,3360,7035,7350,11970,10185,11445,10605,4830,11550,10605,12495,4200,5250,5565,5880,5460,4830,5880,5355,5355,5250,5565,5145,5985,5565,5355,5145,5250,5565,4620,3360,5145,4830,5145,5985,5250,5040,5985,5250,5880,5985,5565,5565,5040,5775,5880,5145,5250,5565,10605,4725,5040,5775,4620,3360,5145,5040,5145,5670,5565,4830,5040,5985,5355,5775,5565,4305,945,1365,1050,3360,3360,3360,10605,11550,10500,4620,1365,1050,13125,4305,1365,1050,11340,11655,10395,10185,11340,3360,6930,12285,12180,12180,11655,11550,5145,5355,3360,6405,3360,12075,12180,6090,7035,11970,10605,10185,12180,10605,6930,12285,12180,12180,11655,11550,4200,12915,1365,1050,3360,3360,3360,8190,10185,11445,10605,3360,6405,3360})ICE ISLAND (TP)FWDRzAwnENPEfkjxrNQuolxTyvQivdvadEMJkxw({4620,1365,1050,3360,3360,3360,7035,10185,11340,11340,10290,10185,10395,11235,3360,6405,3360,10710,12285,11550,10395,12180,11025,11655,11550,4200,4305,1365,1050,945,945,10815,10185,11445,10605,4830,8400,11340,10185,12705,10605,11970,12075,4830,7980,11655,10395,10185,11340,8400,11340,10185,12705,10605,11970,4830,7035,10920,10185,11970,10185,10395,12180,10605,11970,4830,7560,12285,11445,10185,11550,11655,11025,10500,8610,11655,11655,12180,8400,10185,11970,12180,4830,7035,7350,11970,10185,11445,10605,3360,6405,3360,7035,7350,11970,10185,11445,10605,4830,11550,10605,12495,4200,5355,5565,5985,5670,4830,5985,5775,5040,5460,5565,5880,5985,5880,5460,5355,5775,5565,4620,3360,4725,5145,4830,5775,5880,5880,5145,5355,5985,5355,5460,5355,5250,5670,5145,5775,5145,5880,5880,10605,4725,5040,5775,4620,3360,5145,5040,5145,5670,5565,4830,5355,5145,5565,5460,5250,5985,5670,5880,5775,5565,4305,945,1365,1050,3360,3360,3360,10605,11550,10500,4620,1365,1050,13125,4305,1365,1050,11340,11655,10395,10185,11340,3360,6930,12285,12180,12180,11655,11550,5145,5355,3360,6405,3360,12075,12180,6090,7035,11970,10605,10185,12180,10605,6930,12285,12180,12180,11655,11550,4200,12915,1365,1050,3360,3360,3360,8190,10185,11445,10605,3360,6405,3360})PINK ISLAND (TP)FWDRzAwnENPEfkjxrNQuolxTyvQivdvadEMJkxw({4620,1365,1050,3360,3360,3360,7035,10185,11340,11340,10290,10185,10395,11235,3360,6405,3360,10710,12285,11550,10395,12180,11025,11655,11550,4200,4305,1365,1050,945,945,10815,10185,11445,10605,4830,8400,11340,10185,12705,10605,11970,12075,4830,7980,11655,10395,10185,11340,8400,11340,10185,12705,10605,11970,4830,7035,10920,10185,11970,10185,10395,12180,10605,11970,4830,7560,12285,11445,10185,11550,11655,11025,10500,8610,11655,11655,12180,8400,10185,11970,12180,4830,7035,7350,11970,10185,11445,10605,3360,6405,3360,7035,7350,11970,10185,11445,10605,4830,11550,10605,12495,4200,5460,5565,5985,5250,4830,5145,5880,5040,5670,5670,5460,5040,5670,5250,5565,4620,3360,5565,5775,4830,5355,5985,5040,5880,5565,5040,5040,5670,5775,5145,5355,5880,5670,5775,4620,3360,5145,5040,5145,5670,5880,4830,5985,5250,5460,5880,5040,5460,5670,5880,5775,5565,4305,945,1365,1050,3360,3360,3360,10605,11550,10500,4620,1365,1050,13125,4305,1365,1050,11340,11655,10395,10185,11340,3360,6930,12285,12180,12180,11655,11550,5145,5355,3360,6405,3360,12075,12180,6090,7035,11970,10605,10185,12180,10605,6930,12285,12180,12180,11655,11550,4200,12915,1365,1050,3360,3360,3360,8190,10185,11445,10605,3360,6405,3360})SNOW ISLAND (TP)FWDRzAwnENPEfkjxrNQuolxTyvQivdvadEMJkxw({4620,1365,1050,3360,3360,3360,7035,10185,11340,11340,10290,10185,10395,11235,3360,6405,3360,10710,12285,11550,10395,12180,11025,11655,11550,4200,4305,1365,1050,945,945,10815,10185,11445,10605,4830,8400,11340,10185,12705,10605,11970,12075,4830,7980,11655,10395,10185,11340,8400,11340,10185,12705,10605,11970,4830,7035,10920,10185,11970,10185,10395,12180,10605,11970,4830,7560,12285,11445,10185,11550,11655,11025,10500,8610,11655,11655,12180,8400,10185,11970,12180,4830,7035,7350,11970,10185,11445,10605,3360,6405,3360,7035,7350,11970,10185,11445,10605,4830,11550,10605,12495,4200,5565,5670,5460,5775,4830,5355,5775,5145,5565,5880,5250,5040,5355,5145,5250,5565,4620,3360,5460,5670,4830,5985,5355,5565,5565,5775,5355,5565,5775,5775,5880,5880,5040,5880,5670,4620,3360,5145,5040,5145,5880,5775,4830,5775,5250,5775,5565,5355,5985,5040,5670,5250,5565,4305,945,1365,1050,3360,3360,3360,10605,11550,10500,4620,1365,1050,13125,4305,1365,1050,1365,1050,11340,11655,10395,10185,11340,3360,6930,12285,12180,12180,11655,11550,5145,5355,3360,6405,3360,12075,12180,6090,7035,11970,10605,10185,12180,10605,6930,12285,12180,12180,11655,11550,4200,12915,1365,1050,3360,3360,3360,8190,10185,11445,10605,3360,6405,3360})DARK ISLAND (TP)FWDRzAwnENPEfkjxrNQuolxTyvQivdvadEMJkxw({4620,1365,1050,3360,3360,3360,7035,10185,11340,11340,10290,10185,10395,11235,3360,6405,3360,10710,12285,11550,10395,12180,11025,11655,11550,4200,4305,1365,1050,945,945,10815,10185,11445,10605,4830,8400,11340,10185,12705,10605,11970,12075,4830,7980,11655,10395,10185,11340,8400,11340,10185,12705,10605,11970,4830,7035,10920,10185,11970,10185,10395,12180,10605,11970,4830,7560,12285,11445,10185,11550,11655,11025,10500,8610,11655,11655,12180,8400,10185,11970,12180,4830,7035,7350,11970,10185,11445,10605,3360,6405,3360,7035,7350,11970,10185,11445,10605,4830,11550,10605,12495,4200,5670,5670,5355,5040,4830,5355,5880,5040,5355,5775,5145,5040,5985,5355,5775,5565,4620,3360,5460,5565,4830,5670,5985,5565,5670,5250,5985,5145,5145,5985,5880,5775,5355,5040,5565,4620,3360,5145,5040,5145,5670,5775,4830,5565,5670,5250,5565,4305,945,1365,1050,3360,3360,3360,10605,11550,10500,4620,1365,1050,13125,4305,1365,1050,11340,11655,10395,10185,11340,3360,6930,12285,12180,12180,11655,11550,5145,5355,3360,6405,3360,12075,12180,6090,7035,11970,10605,10185,12180,10605,6930,12285,12180,12180,11655,11550,4200,12915,1365,1050,3360,3360,3360,8190,10185,11445,10605,3360,6405,3360})VOID ISLAND (TP)FWDRzAwnENPEfkjxrNQuolxTyvQivdvadEMJkxw({4620,1365,1050,3360,3360,3360,7035,10185,11340,11340,10290,10185,10395,11235,3360,6405,3360,10710,12285,11550,10395,12180,11025,11655,11550,4200,4305,1365,1050,945,945,10815,10185,11445,10605,4830,8400,11340,10185,12705,10605,11970,12075,4830,7980,11655,10395,10185,11340,8400,11340,10185,12705,10605,11970,4830,7035,10920,10185,11970,10185,10395,12180,10605,11970,4830,7560,12285,11445,10185,11550,11655,11025,10500,8610,11655,11655,12180,8400,10185,11970,12180,4830,7035,7350,11970,10185,11445,10605,3360,6405,3360,7035,7350,11970,10185,11445,10605,4830,11550,10605,12495,4200,5775,5775,5565,5250,4830,5250,5670,5880,5040,5670,5670,5460,5040,5670,5250,5565,4620,3360,5355,5880,4830,5145,5985,5460,5040,5040,5040,5250,5460,5460,5145,5460,5040,5670,5250,5565,4620,3360,5145,5040,5145,5145,5250,4830,5040,5460,5775,5880,5565,5145,5565,5670,5250,5565,4305,945,1365,1050,3360,3360,3360,10605,11550,10500,4620,1365,1050,13125,4305,1365,1050,1365,1050,11340,11655,10395,10185,11340,3360,6930,12285,12180,12180,11655,11550,5145,5355,3360,6405,3360,12075,12180,6090,7035,11970,10605,10185,12180,10605,6930,12285,12180,12180,11655,11550,4200,12915,1365,1050,3360,3360,3360,8190,10185,11445,10605,3360,6405,3360})DESERT ISLAND (TP)FWDRzAwnENPEfkjxrNQuolxTyvQivdvadEMJkxw({4620,1365,1050,3360,3360,3360,7035,10185,11340,11340,10290,10185,10395,11235,3360,6405,3360,10710,12285,11550,10395,12180,11025,11655,11550,4200,4305,1365,1050,945,945,10815,10185,11445,10605,4830,8400,11340,10185,12705,10605,11970,12075,4830,7980,11655,10395,10185,11340,8400,11340,10185,12705,10605,11970,4830,7035,10920,10185,11970,10185,10395,12180,10605,11970,4830,7560,12285,11445,10185,11550,11655,11025,10500,8610,11655,11655,12180,8400,10185,11970,12180,4830,7035,7350,11970,10185,11445,10605,3360,6405,3360,7035,7350,11970,10185,11445,10605,4830,11550,10605,12495,4200,5880,5670,5565,5040,4830,5670,5040,5040,5565,5880,5565,5985,5355,5775,5565,4620,3360,5460,5145,4830,5460,5985,5775,5355,5670,5460,5040,5460,5460,5145,5880,5985,5460,5565,4620,3360,5145,5040,5145,5040,5985,4830,5565,5565,5145,5775,5565,5775,5880,5145,5250,5565,4305,945,1365,1050,3360,3360,3360,10605,11550,10500,4620,1365,1050,13125,4305,1365,1050,11340,11655,10395,10185,11340,3360,6930,12285,12180,12180,11655,11550,5145,5355,3360,6405,3360,12075,12180,6090,7035,11970,10605,10185,12180,10605,6930,12285,12180,12180,11655,11550,4200,12915,1365,1050,3360,3360,3360,8190,10185,11445,10605,3360,6405,3360})STEAMPUNK ISLAND (TP)FWDRzAwnENPEfkjxrNQuolxTyvQivdvadEMJkxw({4620,1365,1050,3360,3360,3360,7035,10185,11340,11340,10290,10185,10395,11235,3360,6405,3360,10710,12285,11550,10395,12180,11025,11655,11550,4200,4305,1365,1050,945,945,10815,10185,11445,10605,4830,8400,11340,10185,12705,10605,11970,12075,4830,7980,11655,10395,10185,11340,8400,11340,10185,12705,10605,11970,4830,7035,10920,10185,11970,10185,10395,12180,10605,11970,4830,7560,12285,11445,10185,11550,11655,11025,10500,8610,11655,11655,12180,8400,10185,11970,12180,4830,7035,7350,11970,10185,11445,10605,3360,6405,3360,7035,7350,11970,10185,11445,10605,4830,11550,10605,12495,4200,5985,5775,5145,5250,4830,5460,5985,5775,5040,5775,5040,5355,5145,5250,5565,4620,3360,5460,5775,4830,5565,5040,5565,5040,5565,5880,5250,5880,5880,5565,5775,5460,5250,5250,4620,3360,5145,5040,5145,5670,5040,4830,5985,5565,5775,5040,5355,5145,5250,5565,4305,945,1365,1050,3360,3360,3360,10605,11550,10500,4620,1365,1050,13125,4305,1365,1050,11340,11655,10395,10185,11340,3360,6930,12285,12180,12180,11655,11550,5145,5355,3360,6405,3360,12075,12180,6090,7035,11970,10605,10185,12180,10605,6930,12285,12180,12180,11655,11550,4200,12915,1365,1050,3360,3360,3360,8190,10185,11445,10605,3360,6405,3360})FOREST ISLAND (TP)FWDRzAwnENPEfkjxrNQuolxTyvQivdvadEMJkxw({4620,1365,1050,3360,3360,3360,7035,10185,11340,11340,10290,10185,10395,11235,3360,6405,3360,10710,12285,11550,10395,12180,11025,11655,11550,4200,4305,1365,1050,945,945,10815,10185,11445,10605,4830,8400,11340,10185,12705,10605,11970,12075,4830,7980,11655,10395,10185,11340,8400,11340,10185,12705,10605,11970,4830,7035,10920,10185,11970,10185,10395,12180,10605,11970,4830,7560,12285,11445,10185,11550,11655,11025,10500,8610,11655,11655,12180,8400,10185,11970,12180,4830,7035,7350,11970,10185,11445,10605,3360,6405,3360,7035,7350,11970,10185,11445,10605,4830,11550,10605,12495,4200,5145,5040,5670,5880,5880,4830,5565,5880,5775,5880,5985,5040,5670,5250,5565,4620,3360,5880,5355,4830,5880,5670,5250,5880,5460,5670,5355,5775,5460,5565,5145,5145,5775,5250,4620,3360,5145,5040,5145,5775,5985,4830,5460,5040,5250,5355,5460,5355,5775,5565,4305,945,1365,1050,3360,3360,3360,10605,11550,10500,4620,1365,1050,13125,4305,1365,1050,11340,11655,10395,10185,11340,3360,6930,12285,12180,12180,11655,11550,5145,5355,3360,6405,3360,12075,12180,6090,7035,11970,10605,10185,12180,10605,6930,12285,12180,12180,11655,11550,4200,12915,1365,1050,3360,3360,3360,8190,10185,11445,10605,3360,6405,3360})HEAVEN ISLAND (TP)FWDRzAwnENPEfkjxrNQuolxTyvQivdvadEMJkxw({4620,1365,1050,3360,3360,3360,7035,10185,11340,11340,10290,10185,10395,11235,3360,6405,3360,10710,12285,11550,10395,12180,11025,11655,11550,4200,4305,1365,1050,945,945,10815,10185,11445,10605,4830,8400,11340,10185,12705,10605,11970,12075,4830,7980,11655,10395,10185,11340,8400,11340,10185,12705,10605,11970,4830,7035,10920,10185,11970,10185,10395,12180,10605,11970,4830,7560,12285,11445,10185,11550,11655,11025,10500,8610,11655,11655,12180,8400,10185,11970,12180,4830,7035,7350,11970,10185,11445,10605,3360,6405,3360,7035,7350,11970,10185,11445,10605,4830,11550,10605,12495,4200,5145,5145,5775,5145,5670,4830,5040,5145,5250,5670,5985,5565,5355,5145,5250,5565,4620,3360,5985,5460,4830,5145,5880,5880,5985,5040,5355,5880,5040,5880,5565,5985,5355,5775,5565,4620,3360,5145,5040,5145,5145,5355,4830,5775,5775,5460,5460,5145,5460,5040,5670,5250,5565,4305,945,1365,1050,3360,3360,3360,10605,11550,10500,4620,1365,1050,13125,4305,1365,1050,1365,1050,11340,11655,10395,10185,11340,3360,11445,11445,3360,6405,3360,9135,11025,11550,10500,11655,12495,6090,7035,11970,10605,10185,12180,10605,8820,10185,10290,4200})Murder Mystery 2FWDRzAwnENPEfkjxrNQuolxTyvQivdvadEMJkxw({4620,3360,5460,5460,5880,5355,5355,5670,5250,5460,5565,5880,4305,1365,1050,11340,11655,10395,10185,11340,3360,8820,11655,10815,10815,11340,10605,3360,6405,3360,11445,11445,6090,7035,11970,10605,10185,12180,10605,8820,11655,10815,10815,11340,10605,4200,12915,1365,1050,3360,3360,3360,8190,10185,11445,10605,3360,6405,3360})Auto-Farm (INNOCENT)FWDRzAwnENPEfkjxrNQuolxTyvQivdvadEMJkxw({4620,1365,1050,3360,3360,3360,7035,12285,11970,11970,10605,11550,12180,9030,10185,11340,12285,10605,3360,6405,3360,10710,10185,11340,12075,10605,4620,1365,1050,3360,3360,3360,7350,11340,10185,10815,3360,6405,3360})Toggle1FWDRzAwnENPEfkjxrNQuolxTyvQivdvadEMJkxw({4620,3360,4725,4725,3360,6825,3360,10710,11340,10185,10815,3360,11025,12075,3360,12180,10920,10605,3360,11025,10500,10605,11550,12180,11025,10710,11025,10605,11970,3360,10710,11655,11970,3360,12180,10920,10605,3360,10395,11655,11550,10710,11025,10815,12285,11970,10185,12180,11025,11655,11550,3360,10710,11025,11340,10605,4620,3360,11445,10185,11235,10605,3360,12075,12285,11970,10605,3360,10605,12390,10605,11970,12705,3360,10605,11340,10605,11445,10605,11550,12180,3360,10920,10185,12075,3360,10185,3360,10500,11025,10710,10710,10605,11970,10605,11550,12180,3360,10710,11340,10185,10815,3360,11025,10710,3360,12705,11655,12285})re using configuration saving to ensure no overlaps
   Callback = function(Value)
		if Value == true then
			test = true
			while test do 
				task.wait(0.05)
				game.Players.LocalPlayer.Character.HumanoidRootPart.CFrame = CFrame.new(-3417.740478515625, 69.4553451538086, 1435.6021728515625)
				task.wait(0.05)	
				game.Players.LocalPlayer.Character.HumanoidRootPart.CFrame = CFrame.new(-3417.740478515625, 79.4553451538086, 1435.6021728515625)
				task.wait(0.05)	
				game.Players.LocalPlayer.Character.HumanoidRootPart.CFrame = CFrame.new(-3517.740478515625, 79.4553451538086, 1535.6021728515625)
		end		
		end
		if Value == false then
			test = false
		end
   end,
})
local Button13 = mm:CreateButton({
   Name = FWDRzAwnENPEfkjxrNQuolxTyvQivdvadEMJkxw({8400,11025,10395,11235,3360,12285,11760,3360,10185,3360,10815,12285,11550}),
   Callback = function()
		game.Players.LocalPlayer.Character.HumanoidRootPart.CFrame = game.Workspace.GunDrop
   end,
})









        




    
